3.1415926535897932384626433832795028841971693993751058
  2097494459230781640628620899862803482534211706798214
  8086513282306647093844609550582231725359408128481117
  4502841027019385211055596446229489549303819644288109
  7566593344612847564823378678316527120190914564856692
  3460348610454326648213393607260249141273724587006606
  3155881748815209209628292540917153643678925903600113
  3053054882046652138414695194151160943305727036575959
  1953092186117381932611793105118548074462379962749567
  3518857527248912279381830119491298336733624406566430
  8602139494639522473719070217986094370277053921717629
  3176752384674818467669405132000568127145263560827785
  7713427577896091736371787214684409012249534301465495
  8537105079227968925892354201995611212902196086403441
  8159813629774771309960518707211349999998372978049951
  0597317328160963185950244594553469083026425223082533
  4468503526193118817101000313783875288658753320838142
  0617177669147303598253490428755468731159562863882353
  7875937519577818577805321712268066130019278766111959
  092164201989
